Age,Income,Credit_score,Loan_amount,Approved
56,20.06249660953625,627.153233805556,65.58038345511387,0
69,81.6684140929502,405.475207806623,27.992097598183335,0
46,22.522918690463428,659.9531927628963,72.83500872092205,0
32,95.38381911432056,502.2964659312256,13.682191201518759,0
60,80.13393869592313,520.7074977375364,23.93068196434608,0
25,45.66320718436272,687.954602813264,88.35965443217579,0
38,56.790528238395424,785.7424607150454,75.1786993190238,0
56,34.55781335778147,603.1907365104092,6.305827631077799,0
36,69.26460904410155,646.3249518898446,28.59574473513102,0
40,89.36476235804571,850.0,25.368615884350632,1
28,43.444456112790654,636.1129769232853,30.726601163512395,0
28,86.61218779548796,850.0,28.51817817658921,1
41,57.28557229204229,684.8264468447317,10.939998095570346,1
70,51.504406657565426,335.88558612662735,48.59934907669793,0
53,68.62718840241182,713.0012431656799,74.6096801046857,0
57,39.68317742641016,657.1737577324167,62.63951384815646,0
41,48.98517915627808,793.4629131124118,68.92280851681758,0
20,30.502559404089293,700.9772026904938,12.709171960942719,0
39,134.87542708837833,579.231602402434,95.39161746679478,0
70,78.23958358768175,416.3552645565951,84.65672421508737,0
19,47.817682578662165,568.6465114070962,81.48358025708795,0
41,76.64941105829303,472.421931868605,83.18346147896791,0
61,62.10708663430628,512.9214825292916,93.60749827261233,0
47,69.23469624034054,688.2867606630914,56.70412678080128,0
55,91.75208511976166,850.0,24.02679169742446,1
19,102.4313184837379,659.2007294734472,63.59444274599141,0
38,49.693350185785484,420.6175406947224,75.5737418984542,0
50,50.83541328556851,666.6904002330211,75.10215236863242,0
29,62.90567869807854,779.4947229968477,54.53765729585361,0
39,23.232447688628852,508.53256435209266,11.503578336689916,0
61,23.465929946305273,579.8974249990623,40.255729150862145,0
42,106.64142257106724,602.2032292093795,92.47282780401895,0
66,123.75606904965638,482.265253037664,60.522646426955475,0
44,66.13459562603656,697.2420650765789,56.141534609292776,0
59,82.71533838885436,581.8577777088327,30.541083866308384,0
45,86.11471864183356,662.9298665860541,40.002647392075,0
33,168.21741779964015,466.876173329685,90.05787846955108,0
32,104.25872982927626,534.3812549514885,68.3139895150494,0
64,66.56046156745718,708.3572036741657,79.80176754147162,0
68,44.104075637566766,544.0750271862349,48.162815191427235,0
61,17.498095040991533,850.0,64.87348584833501,0
72,76.2540664718371,540.0545721578096,28.596442830604715,0
69,36.547559918424994,633.7027088627829,72.0187788769312,0
74,31.71466693958445,739.8886247809635,45.622126701817045,0
20,42.79534736051491,387.2451400600453,47.04182390740083,0
54,45.07065903371314,335.87867820288363,66.68562083480376,0
68,118.96364858234469,371.1515528144858,93.94665903954804,0
24,95.39085779882762,789.3876155140773,11.080602927818987,1
38,66.62215123007894,517.221278116133,83.35060754796572,0
26,112.9581297970904,850.0,32.77639548915835,1
56,79.41370595516874,515.3628602013918,47.17234817810589,0
35,31.722430677476694,627.6826954795555,7.081766233625851,0
21,122.07854924853066,831.3164928851813,33.59937739425973,1
42,87.8574187160483,850.0,52.749968049862396,0
31,32.847507130920235,850.0,10.336727348006706,0
67,58.913277692245565,781.2549345889713,51.65409429140069,0
26,52.1134175344983,753.6093788717194,93.07550974155059,0
43,23.788473671356265,688.8790423801775,15.012355720241496,0
70,92.01857387296945,716.7541614249957,77.62186916717292,0
19,132.96907192592758,517.32214255072,43.9187500707193,0
37,29.735737166855333,477.2701674866539,67.24150287981212,0
45,82.19944921803514,599.4938313883572,29.722476808596788,0
64,51.56384780336829,574.4723066212607,20.151764941429036,0
24,50.25747506885773,532.0157926009088,20.243948355766513,0
61,57.73228926494695,704.4581171185073,11.696734836098742,1
25,49.38713173397118,743.2957812855766,22.63643696561809,0
64,74.11567983245453,613.2610329437771,68.10084157395198,0
52,46.87980181390395,821.6295121582893,88.76060812513326,0
31,86.91964539773204,428.74663287997424,82.34194013116037,0
34,68.49128835346701,570.9510811080423,70.08775943807599,0
53,56.92218796690371,492.47665190957923,15.491027024054754,0
67,45.0204597029136,320.019507439041,32.472807398115236,0
57,63.12709533063558,587.5978971235951,34.43165315563455,0
21,87.58793930884342,581.7378737425074,28.745909907774017,0
19,83.22020179526149,827.0174614863197,53.925537672423694,0
23,42.755572846550734,694.6217526832166,55.8776124135689,0
71,72.71044491784808,446.37197635061926,38.90416764125547,0
59,87.6300957992671,850.0,38.60997007996142,1
21,25.609289281152353,783.155054328803,83.71278180107772,0
71,97.90100938148434,687.3146555202924,79.98282059037014,0
46,51.101944526744134,566.0273851725252,34.24060400967083,0
35,82.59761860911478,456.08411449147803,91.80990216795963,0
43,39.35742267845712,544.168983589342,95.51742661523808,0
61,21.289879906105906,763.3122929556279,36.040541492853876,0
51,26.69311358008641,850.0,38.670370135340214,0
27,73.81838713231836,831.4865292408283,53.03524457508609,0
53,77.7796558470502,526.6725867320589,94.40647719069898,0
31,39.924142987921215,432.05738500664836,88.2503461485196,0
48,83.69695559973077,621.1329370366806,14.74395644544103,0
65,24.328154763555613,334.7340951655722,42.30942061078454,0
32,72.58646414750844,648.4751571277172,57.570263026228325,0
25,25.940865073672636,577.8596120551997,52.7975848923963,0
31,58.394111656838646,530.0945247197636,23.416991454004805,0
40,74.29231624396243,360.7945399099807,86.5875932609747,0
74,51.1855722672104,677.0400159854574,69.30937438469955,0
57,51.75269493067967,520.0948740507133,84.60129561092134,0
38,93.35966349935602,424.5124746434568,86.58260653819985,0
33,51.948397365469056,300.0,76.09380609824528,0
62,97.58468549643023,595.8727642424045,46.72500711872315,0
35,45.09059847490628,850.0,63.00194172646533,0
64,89.42451990653414,849.1888821821805,20.2347135813756,1
70,112.03365223567684,531.4355615120592,68.99631466011624,0
41,14.86815396167054,509.66819094573293,22.029059295231672,0
43,52.24314519948145,670.3161384112535,70.9252110984649,0
42,82.48863668666263,450.2421841217563,26.811825271627022,0
62,72.05098119257183,645.2687849729199,16.1673735142709,0
58,79.71245295310672,714.9120417577035,20.702026563580958,1
46,59.833354761614636,784.0399835826461,5.189252845811676,1
32,75.9923500744834,584.9768885280071,73.28026369608537,0
62,64.64470549102532,569.4489374734551,74.57809966054602,0
18,102.43647999066359,468.30261198651584,53.91866824175965,0
42,75.92808591230599,475.967946894021,20.32946610026145,0
24,82.26966332413227,566.028166214771,12.937662063515525,0
26,58.029473497414564,655.1048260224267,6.817251811542266,1
41,52.40275623748167,737.0376939349874,20.746076811695968,1
18,56.19509731382321,479.52315739794824,89.63127582339894,0
61,82.22644941994466,823.9032853439282,27.94599996165977,1
25,46.726795103318054,559.3314598436147,38.65577608563549,0
41,80.98408628083588,596.7949058477345,15.007821025726653,0
28,127.36341783577912,487.9182481278265,26.124323951076178,0
68,90.36707908692205,300.0,54.326334224119485,0
34,51.782572299411214,732.6068094541574,62.73650489408699,0
25,97.0669551755789,710.526584563865,28.30846984579005,1
52,50.98050129379201,557.800866432268,10.484555126386134,0
52,16.45489521184755,610.0486075837308,42.148122567102874,0
50,49.523706360110715,677.3908826556149,27.249320238001744,0
22,17.37060162052398,365.61812146701857,25.857622706831183,0
59,60.343346010100895,520.6420983980557,96.18696625777825,0
56,72.55495830821819,719.1397019432741,63.548546162943786,0
58,120.94844529933773,411.85658652461257,57.90345210134911,0
45,79.42060390929491,644.0336898249944,44.49863483471558,0
24,57.45051531773785,396.51272930648923,45.74971167586371,0
26,102.13680517690074,669.9644973650289,56.38597536461768,0
25,29.035983218189426,594.6537776553774,71.16083166843019,0
29,68.65514327264356,357.7302276141736,71.7038791372738,0
51,88.00581286217711,774.7109031685757,21.31092123201771,1
50,24.243360914719723,489.8112634802926,52.51071144727956,0
65,99.48993232165692,478.46213444784286,44.13601902823969,0
72,82.68471999211175,630.0853795846414,87.7000617955915,0
40,53.9000015709429,772.2956024143073,64.98479751574575,0
41,99.80873632222156,447.6267271532405,55.58788630951827,0
54,144.07352870584984,609.2519774771957,15.962491006997151,0
52,76.51885780491592,664.3224750495859,62.535599485724084,0
61,82.58154890560876,703.9658410894716,16.134371039622174,1
57,61.74867513557922,626.4662332915838,37.03462467874645,0
39,41.68493147576503,544.9458241375016,18.569986657361525,0
44,90.82898827361754,475.86146690269203,70.74699646731504,0
52,44.708200537582215,612.9215824569562,24.593950814434496,0
18,76.45516773907148,439.17914820215896,42.22664045286247,0
52,56.36557859031358,300.0,90.08910387378397,0
54,76.48441236143677,665.4839706236502,24.410056422902176,1
64,75.99574093885424,735.5902261629293,53.241481076084014,0
31,100.75633400976508,300.0,44.830807810772086,0
20,54.32118001272844,448.5403942935094,6.721783899344325,0
18,71.7664628251479,692.8731391507797,80.31202078941722,0
22,33.707148814535785,850.0,11.559361099886974,0
43,59.19914840689603,603.1190561513112,50.05422699281059,0
72,88.76458033298701,490.79955881562984,58.26443801920024,0
31,104.06690722647454,572.565533834274,64.70051337838578,0
56,40.31305315875143,806.2314628722277,70.42000478424818,0
44,98.54532486677081,503.1053731313197,29.06087643465793,0
26,113.51793755014177,480.12119900246194,5.94798378255269,0
32,83.38045575447748,527.5884716726952,73.72714792371664,0
32,125.80964837054546,457.00070876119315,55.88737693801997,0
43,48.96620097439305,618.4005473992194,84.43118180468863,0
59,19.999128474559065,843.7017687704341,83.03189447556596,0
30,23.410347450313157,648.4618909674043,85.1159859398489,0
68,115.51221886298534,562.1469746810569,51.08399269805631,0
49,88.5185952067304,556.2283096626684,36.69469760450224,0
56,78.56677085128413,365.5213786955014,80.19802924618016,0
66,75.02438869564185,732.4664665720738,47.87294073777922,0
69,34.219948635723554,588.3244204480796,22.42700865832628,0
49,153.33032589952845,572.9280129614061,86.22253185834006,0
21,69.71632893500754,850.0,88.84318829337299,0
47,70.53126742346409,644.812936254853,49.29942683331616,0
54,91.03787159980651,487.23134248572234,12.19147409442981,0
40,88.63394936274914,536.0463605691685,41.84347854210847,0
56,77.7555332651405,772.2668563795132,81.33607764894732,0
62,39.82263960087933,616.9905615806647,90.66853271189173,0
32,81.48320789844392,384.25830325239497,24.329910537271605,0
60,123.42396272818995,737.8843401862805,11.362493142400794,1
46,109.9764961585341,499.7783871691509,88.34829304761968,0
53,119.92481709233105,850.0,41.993469202993154,1
30,56.7545584865043,762.0072098571973,56.46729160541851,0
49,31.43179662200057,532.9017156511873,96.96625214482209,0
24,71.54609733481483,792.152454260267,11.323649151851171,1
68,72.93459159864395,610.1783265791105,66.59021070794907,0
39,109.74840579209797,727.9160512683329,12.040015144612372,1
45,22.22099163645336,672.7099225941712,40.669548204317536,0
19,121.39312437249723,473.04650175136896,81.36238179337744,0
59,67.59248959988095,503.4675251523807,46.17986211178527,0
62,63.92469668259113,754.4941226371742,99.73232362078029,0
74,42.24812192228387,549.7837001840189,58.110632069927206,0
70,19.864723611812398,539.4527305137005,35.51040450041558,0
23,106.05729112109185,456.73161309759706,25.910575960951547,0
45,76.64472462705159,663.5398598390192,38.29945075718537,0
45,34.16989511279045,850.0,40.39066100715733,0
61,24.766114755399833,439.8700628618591,11.527799383776292,0
61,53.484920933978465,603.6329185009137,40.10954894554345,0
37,121.53422316939105,811.8330833123143,49.10265937522637,1
47,62.93986544793306,588.0537913131427,73.66008646268644,0
28,21.835098581415235,667.8557694374601,67.38930104855277,0
72,63.33262157548197,440.64097077796805,72.33273724676965,0
45,69.76142754778786,664.2460645811473,5.794549778301424,1
42,23.477012372751492,571.9283602493177,25.678402960150926,0
56,62.666111455701945,747.8594993519795,67.86000739798637,0
50,62.51441995802494,778.1079077347126,50.978989977075976,0
18,86.86135854013975,850.0,5.504780188492865,1
74,123.53018326631755,686.9449759820363,81.42699103102312,0
44,101.72887255828451,648.8694474873249,78.41690946258205,0
74,59.54511137033506,629.1576452366004,57.09982048438845,0
69,30.528545877882912,547.0250560783968,11.314015948745851,0
30,146.56252068990486,650.7725765192537,77.81892970559554,0
58,68.97351483619809,555.6897884791456,60.45279083447957,0
20,55.77063530737704,625.2691464404421,79.28619783000612,0
56,79.54110750920822,797.639630341194,76.41596427760484,0
23,81.386391094119,449.0186152080538,81.28519683599453,0
25,63.787684017656744,770.9817841693568,54.21076630843936,0
44,52.884235042295906,797.5672601009798,18.330829228383926,1
26,47.73596002620043,582.2897209513382,68.75995997107043,0
54,77.49601628257437,300.0,63.94500957993721,0
50,63.18370033985261,508.8267019358351,75.51405278391329,0
68,49.39809516091769,794.5491819841664,21.138695574819852,0
59,78.31056005168364,596.5697906551677,23.522643990527477,0
61,63.227117372043956,450.10466515576337,89.5889041358362,0
41,108.436162463101,524.2837618157674,76.24789085294672,0
32,17.940883155181712,726.0930039756829,91.28170642653068,0
71,103.40484539153364,682.0100352302069,77.07795551057247,0
49,105.10981718121165,564.1601851245458,61.72975406907868,0
49,18.90673361282482,544.9763382277969,67.142610017648,0
41,59.26237439004396,541.2362776434268,89.46715277430094,0
58,58.452381530798945,461.6384723252246,59.98664167863435,0
69,28.035941610952783,842.3063534204163,65.07717581119681,0
66,41.362474040290735,551.651929618299,19.865288020342057,0
66,33.097643890385456,782.5737781238245,50.02251591102976,0
69,116.14519197420884,828.1974077883677,73.0577256360194,0
29,102.95942954285483,749.746634722194,30.739556340054715,1
56,97.61841814062313,535.2569530922927,24.21414714983082,0
19,97.41811363788169,660.5595135504914,34.813546781319474,1
20,43.060193849797336,596.3706590413626,27.942559659319176,0
66,52.75348907669368,464.44472089048077,25.416700518457606,0
54,71.66555139770105,648.6538922582405,45.36083007246826,0
66,31.529612923405182,423.1440313260296,91.24465881893573,0
73,91.06903209872755,778.1519082692346,53.17066644017824,0
34,57.73724695561138,530.3074054052411,22.852436177455687,0
66,56.179283804470856,630.1739483809259,12.312308591183037,0
19,98.9797750404215,642.4931807319214,71.1348337881029,0
19,86.6525351560899,561.1642539443884,41.36588262145684,0
45,54.5481944535371,688.0040702212912,83.07393992560912,0
71,96.79189825295028,528.7644515066213,67.65352302087317,0
40,35.93301358395422,730.6945946185866,80.64293780143001,0
54,87.41078431157572,398.1030479629877,30.83487374475263,0
49,90.2740336758681,618.9569369319618,70.77409763380052,0
50,58.037023257742,850.0,30.085888545903284,1
18,82.34148854407285,449.9503013091638,94.2115055477777,0
36,42.14236290874206,498.33825442127227,65.45555674567056,0
19,101.79831568842835,677.0861774488372,35.8286210166575,1
70,64.21249337005646,626.9372672909396,30.6036269177659,0
61,53.40255702916234,652.5945148910339,23.138025581806133,1
43,99.68691110420733,673.3780695221495,70.99089109490414,0
49,54.77289384597795,695.2082202842655,25.777983234803095,0
23,24.609593879336693,766.4549762934334,61.55381026311146,0
49,23.527238339282796,661.4727985392769,30.140327557908947,0
72,88.43628804977462,563.8113518072187,67.88704975541751,0
21,29.07819846105385,700.8860551804097,82.41927421135122,0
72,115.78149772011044,850.0,78.91239809874205,0
28,21.61487251808834,580.104938042614,77.28087643842426,0
73,120.58867118942422,453.8206042994038,22.833628540763947,0
34,78.83172636326141,766.062100393046,13.396569963529277,1
55,64.4306051116924,581.9428254069603,71.40013870630163,0
41,59.75653388979675,300.0,39.992985310463375,0
22,77.59021452450291,727.1132515725633,46.072891508317994,0
69,77.43116034734402,519.7007721069116,7.959163815372151,0
51,94.36087391135433,586.4200076543759,29.659762681129674,0
23,75.60067978264566,649.7970495853522,8.199258368074082,0
39,76.88620625648944,628.57495196686,88.52264839711853,0
28,55.11384829387991,706.417772570856,28.122684905760394,1
65,70.41360097767304,534.6770444145235,57.94703110943576,0
33,85.63164641556257,676.9658697264124,8.703035462807389,1
50,8.915905803229677,561.0679983624124,68.35050217403752,0
26,32.06816137428269,710.8215721331254,35.687597846638916,0
23,79.83156871903105,692.305122601958,90.30232276097826,0
33,70.29763912622221,459.6841946933107,89.3712279487334,0
46,72.62633173392435,762.8973174262549,35.902608744366034,0
20,67.64410782500153,519.6054832328928,90.59128509059445,0
37,74.55805133880526,721.2086697421718,99.63497898238398,0
53,52.81752094579574,655.0930970102011,83.41448809177507,0
36,56.990389928748385,850.0,85.26277803674675,0
43,66.71694641690031,566.4801026442221,28.65582993036354,0
20,35.39226711335232,547.6024805822703,59.78672789148685,0
36,89.7347410873323,597.0870591168401,11.389311826899945,0
37,29.288511717688664,554.5230325748587,14.017203998058623,0
49,100.35751299831789,719.9912852913075,99.8947981431626,0
24,77.98266095975806,357.5534087345118,36.03072869546154,0
69,88.16010953846207,441.9476371280469,76.07747164464041,0
58,107.45294147711141,439.82956176312103,81.63318003754756,0
50,123.35896827268847,742.5461387960363,86.51221074568677,0
57,96.3690902058568,850.0,99.77468825320487,0
56,19.754853295809816,584.3326172193792,27.942166099402446,0
35,30.810890592704798,574.6767415214985,8.833328551671471,0
57,52.909699192207526,610.5078244669772,44.063194209485665,0
18,78.03773869698169,774.2817453912286,17.357663633749958,1
28,89.92685581976072,460.8970298714139,7.130459470395237,0
45,42.84080522047224,635.7553474102177,39.24054857844118,0
74,82.48548518441004,746.2796444673645,79.45513385214745,0
42,48.9041727294661,675.1641254909767,58.78716566638173,0
67,55.08979488953614,628.4372424898115,34.71390897498364,0
40,35.13287139094635,750.1569138850712,67.16249052180837,0
48,36.745101369105114,300.0,27.04172712933702,0
47,29.27033393797768,701.6812979296361,6.366237376848077,0
59,38.06652965388395,501.88864753088643,77.6135717114606,0
52,93.7699567714079,325.4050654715315,64.25559306208086,0
24,43.251583223066305,676.6803899287471,77.4187493275912,0
33,161.52924470304384,806.0487817744437,8.699111585328232,1
43,75.59914830389792,579.3827228058462,84.52636464391196,0
65,75.38368065559887,742.9311820804409,63.854989003448814,0
74,47.45198126993746,841.8417386982968,58.52255831770081,0
69,91.62468739055065,797.237168037607,64.3383345708805,0
66,52.16522495028808,845.9946794057089,87.12115845249458,0
19,67.16421262213171,711.3191236607838,60.75896812309617,0
18,147.96646986276465,611.315045835239,60.19028608937703,0
65,63.33438312318088,359.70512821542474,99.11451992124775,0
29,93.5285912636775,563.0906267805077,76.88936587151396,0
22,54.877668348792035,473.51301070257125,47.017911517857854,0
54,73.74227438430135,850.0,72.20271500312813,0
49,123.3823239533207,573.6171281351495,41.976894810719905,0
72,52.33636170739549,618.4807210176729,26.743168935932403,0
26,129.74504680348565,682.7228064060702,61.70092830433715,1
58,92.35425634755468,606.5403669558681,93.17729932082538,0
52,57.646084496978546,850.0,93.26825440146897,0
36,87.48482116729637,506.6025957398322,37.48100142002158,0
65,105.73655218167163,629.1911182855864,55.12935929106102,0
33,90.2582274961793,488.62941214529275,25.105410364136816,0
20,23.863518121315682,401.9966233168941,99.58495540239393,0
37,41.83557928169378,508.2346363642072,98.20620124745389,0
41,64.0092202049634,594.4444804427382,66.70334832220749,0
71,63.60722253952636,535.604666322411,81.41933566935997,0
73,85.42874929387787,496.1368530189216,72.93451532195151,0
50,71.254151886417,389.0523804492249,61.35003080874948,0
41,24.60849457920084,587.5341641056958,10.068059713945281,0
69,92.0297925452637,374.2919438953497,48.2026125425028,0
28,94.97426766845672,714.0083945534404,69.104698705904,0
66,96.3955509486525,612.3659629401755,69.36550331895005,0
25,96.30894666886084,381.3672750802604,40.44664875012644,0
53,95.37393338602158,553.6186384425205,94.46073873251291,0
55,77.30786425083261,487.1765391614125,20.898918062494197,0
57,64.41655427025526,647.876176562877,52.53414739047826,0
37,15.580537077437384,801.0675669034717,70.63397777232817,0
52,89.08646660618538,318.7241295531383,71.22790155972187,0
65,74.24948222438454,617.2539118721126,66.62070089303748,0
42,83.48926178433129,575.9800806650039,31.152380277926717,0
52,34.71814717333331,700.7010114675699,19.839624025229085,0
42,49.08649754827607,631.9794942356534,65.41433104853753,0
46,94.1973644842885,487.2046002391771,61.933701033246585,0
35,75.10951158323434,552.1419096500073,22.038820977477894,0
63,96.17722527318236,480.59612147947666,71.98821882920352,0
35,65.98265709377867,761.4010707897897,48.24133921469736,0
19,75.92835086723815,603.1967473007913,68.43725620229952,0
71,99.82923899441107,850.0,84.54987257816431,0
52,53.381276853711746,590.9008779278068,21.1242007148077,0
33,68.76394587336951,493.7389849634306,6.818762459699484,0
58,52.536194081602794,372.9428411080759,79.01474570759974,0
53,67.21417365596017,329.52904856160825,62.92125538949851,0
50,60.728250390728235,362.3796085491765,71.46575911410156,0
21,80.57466315666868,640.0689976517225,84.62472262392104,0
50,51.683044441757914,676.3087534844901,81.26703880832754,0
31,103.77341903609744,362.82139469517995,96.28741395823835,0
38,48.571704979664595,734.2557471114173,55.91383249095123,0
65,57.64596961740157,527.5408422474841,51.407085102691006,0
37,54.7319994122484,622.0189517978324,43.17928398961936,0
73,113.57947358597316,841.8330942383136,19.60064907019943,1
25,76.4535063045475,734.5258973798298,59.39768712379213,0
24,100.05986975897827,559.7204028141251,31.316189810967984,0
20,27.412287714370457,466.3211661877069,92.52421366023268,0
34,81.47578675516682,300.0,60.40312640632427,0
50,100.36211159599976,492.127002113637,61.31981714827047,0
65,67.53950063492358,568.3304641758458,38.71784278331595,0
29,100.54363576231655,451.92307092732244,9.938988437882212,0
68,60.45516080637352,580.3114549361543,8.015657710433919,0
39,116.75365914343675,611.5277824438152,45.216838694553765,0
72,132.10264645117218,566.2716027287883,13.033710919237596,0
39,60.872242688571234,502.499612876481,62.65046077631322,0
63,46.74379811110279,625.2982007950092,88.69243553576746,0
47,113.83620882383288,666.2910974354113,88.8769075692786,0
55,126.87599945565125,436.44013838357307,67.60931396256208,0
55,49.57473559905702,811.6398569619405,25.067023989928447,1
62,53.22278025966637,585.2117801573607,86.98469897909284,0
68,65.36661064204908,602.8274434417272,89.17887635475478,0
71,21.95247709292346,706.2321634884836,23.682090570531077,0
25,39.27666645604886,634.9824196895253,75.05547814821433,0
44,42.85798268534673,742.9704950869868,32.21935714807668,0
44,43.79464380842913,643.0686247802736,81.25082967352832,0
51,67.7796034423417,508.1343938039343,99.73760049084225,0
38,80.7473705276708,654.2255287809153,7.852470506292317,1
47,118.62274520210511,428.44106890190073,90.24975725013853,0
50,41.383470759313276,616.2839558664784,64.14990069187252,0
45,97.83406055794732,595.0155014033309,97.47134882065801,0
64,65.43064024957951,568.782471409119,49.17590416501062,0
50,67.89742530992822,580.7193732841604,85.50185340428051,0
22,92.53361281462703,317.7226431753541,10.927436516836337,0
65,33.833679227541154,517.6912638388558,36.851509757438095,0
36,80.55944751362381,613.9267351711673,11.366571086364948,0
21,70.04377728363161,623.97845879961,97.6575976805117,0
52,84.5984998702133,445.8487288611063,82.6125211908245,0
66,74.62005499909031,789.8561761297051,85.9920050183672,0
34,138.08877194651686,470.07377276782483,94.10669698621994,0
61,52.16110621173746,745.4185800790106,13.08483118137961,1
45,55.133790229233774,664.0791542807527,41.63177128876667,0
47,55.22015288199993,503.06590352342954,11.748314459180202,0
46,51.18005857731687,850.0,25.02534464725272,1
63,52.91865041498825,420.95447523652797,26.789748818578875,0
70,108.42448379459488,737.8731260415002,49.565185049519975,1
23,114.83899647885362,750.0873477064467,30.513405908096047,1
52,48.749342773505,499.40696863850326,14.592920147687304,0
58,45.776150218229084,808.8697950096494,20.911653463940233,0
54,85.96316817186542,562.4930228101571,18.99117853744864,0
41,53.46920100611057,643.3040443919786,97.44229580166834,0
46,78.55556624080991,639.0482758156832,77.13278815725499,0
66,76.8901387454064,579.8536887794178,96.93733920060839,0
63,35.59033174706926,721.6212409739674,46.77534621825131,0
70,114.62495969611693,719.0233080828319,31.445005757952377,1
48,120.23594470358904,337.7202040142729,80.83785373487274,0
52,53.483082084025405,795.6510364317229,35.994122213908945,0
50,59.93084425425334,350.62620179464886,33.441420502008086,0
69,84.53963754882922,754.8819306512486,27.088069259743964,1
38,73.74436292006632,769.0057705241375,17.31950293130236,1
49,93.41322944305988,436.35503546772026,29.363990796592766,0
40,133.2582464692478,538.3778568068122,38.75537610501933,0
50,63.98085049047579,434.1442997271096,69.02944977384439,0
20,47.74451925345484,567.7618454566897,10.9436600108479,0
35,33.767710567555966,553.7948573721388,24.99815926820758,0
42,52.43367570188468,716.9490798404009,81.85724582770926,0
59,63.29109425341745,796.5463119179412,18.95758274045822,1
48,127.93752683931105,809.3525716184934,37.551288919639546,1
71,54.14821800375227,515.6747960132546,87.14259757652331,0
20,77.07800903924453,568.6167189383208,19.717904558627055,0
57,69.8732980728259,347.48427116685747,12.85999938372804,0
63,104.90058325945122,479.1194900255717,51.03110953260103,0
41,151.76651026174397,744.7277449646186,33.72985357146096,1
67,53.65534701314432,842.3374235322348,58.52379462596614,0
49,49.71908608253749,414.8476692180117,81.36146459593014,0
64,99.35717703222352,511.13036112706584,18.0291063745106,0
39,91.35021827284172,596.0391364561609,60.166413032657076,0
40,131.54729369356625,642.0241738229411,53.023332237037074,0
19,90.53331898452309,478.5594720117531,18.68748467125396,0
44,54.968560882652994,663.6091566696134,64.27985612525333,0
59,100.14559450416374,528.9240979393626,30.995839696773306,0
19,104.58498397237713,597.8321593682581,51.344260261681185,0
43,100.991419125916,681.9426372005549,12.815870806320879,1
34,84.45964876533279,600.9633404716407,48.66048543529419,0
57,104.66703691120186,534.5421164210147,34.114029464067926,0
50,109.27621023596221,583.5585294111254,83.12621506260867,0
26,117.5557432898971,586.7455561191997,10.412979064749987,0
60,94.7481381545804,544.4983455176808,44.76769111724134,0
71,69.34744259085926,561.1805905999347,48.55098529248661,0
65,72.82597693702914,839.7970755757076,73.87557724841628,0
56,103.3365387854704,684.1379171911858,59.557319633570046,0
46,47.15496742200391,555.6779522956259,68.38517203344719,0
59,85.72583962789238,704.5431606766103,78.81968213691684,0
72,57.086232126296146,549.9270765365985,86.90928249752793,0
43,76.18820451661647,775.9686956379962,34.8181721886347,1
52,115.61663960564987,655.446328829714,56.11215700957078,0
67,71.15136744523001,583.9046783993657,84.81026745172399,0
42,67.20849292570306,667.1575388715416,98.99785744168037,0
41,28.502440476075737,364.3685771897251,89.5043345491575,0
30,93.92567032176261,430.9848796635292,40.2893899493158,0
24,86.741690365397,420.9112490401417,23.54081913577179,0
74,141.65865509349953,621.441464214556,51.49229105362593,0
53,62.88698725900223,850.0,75.455937924424,0
62,76.77174507112187,850.0,51.794061721563274,0
37,70.30196289198001,695.7076652161136,50.902182014798505,0
18,110.74451931076669,675.1266712416685,84.63189000277106,0
25,68.54618027980047,329.8413398770892,39.333359011382704,0
63,67.70766764233599,518.5989300398967,86.68049410710634,0
33,93.30008233971654,481.83243721376414,43.646456090413736,0
31,74.80750447282915,506.8728602623326,36.18214503944225,0
29,72.82245641145782,574.7784272122816,48.129041563971406,0
68,87.36228104002979,529.1864133454309,77.4324610741125,0
40,101.30170714955558,303.10502844363185,16.970192647079458,0
32,38.67285600501162,712.1865384176301,23.659825507841653,0
45,78.96699779441643,439.08854613902906,95.38725843799374,0
51,57.51223860141499,635.8870296166724,21.67170460122895,0
19,97.66125358056519,850.0,58.934095203450184,0
49,15.372515529713324,462.0923112620365,60.034874332884094,0
40,50.12217055408044,300.0,51.514323894773256,0
39,84.23004416780495,557.0993667179833,66.25079861479776,0
68,119.45008882956819,765.1439452497857,26.83353895077375,1
42,73.37634944272962,850.0,57.50291543879108,0
39,47.345526557377504,415.5675608321375,40.35645924845523,0
39,114.85399276837332,674.5048834854782,67.85838966477296,0
66,30.849653964023403,530.203431482992,18.416236620449197,0
69,15.859018635173827,584.1077468543797,59.23335459975024,0
59,73.10799417965679,850.0,22.600683761415752,1
23,55.66369199921858,374.554450740727,31.471090995928456,0
32,43.32889392717199,638.0609492241861,25.777431030740406,0
71,90.64040775837422,670.153975764815,22.369589087537626,1
60,75.02477948222352,762.8679487409021,83.44254039826336,0
54,52.28082991716862,614.6974730206343,32.14221892778458,0
50,29.73795422786925,646.2075809256154,93.07675927712269,0
25,89.43348428870351,541.2527148867314,97.14301990779313,0
70,85.93263195380767,640.3690411867661,59.26974464402425,0
61,69.6311236116876,548.5211586753884,18.585106653244008,0
61,127.00750258831248,693.2357834784076,40.58208312106022,1
22,38.737756040049526,544.558449593455,80.78456501808033,0
56,19.258502462990936,656.565059085328,39.90211922622169,0
21,48.33524209288433,595.6105779472532,13.266635738764931,0
23,57.747094277120794,768.9075376158253,57.894566538177855,0
62,78.19256679910771,592.290941461727,85.28648089212331,0
49,69.90720680337793,334.0451297689678,80.61300677863272,0
69,73.19100123521837,789.2882251070987,21.636698312383558,1
47,29.5241789076979,464.14015487060715,68.91263836918434,0
64,114.95847201574843,501.935049202677,25.947905026386476,0
52,73.79967782036036,510.6508058934762,25.729715782456363,0
72,101.27775186614309,806.1657139756226,88.03681846399259,0
57,76.82050874500163,300.0,28.718550510321865,0
69,73.85798086253311,850.0,30.008497919211063,1
33,87.61020905350664,758.4085213599078,5.062072122323458,1
30,93.64163700123817,633.485837119374,87.71355824192418,0
67,90.6684751058497,591.765899907557,80.2965072548678,0
59,109.76318100805437,642.8331112286486,64.59624883361441,0
47,77.50604664487902,678.1683642569008,76.27524757419002,0
36,91.21465270791236,696.7823378925085,19.44461390532672,1
34,63.24285731008254,683.3406699005172,48.540741485819666,0
73,117.31991604187272,613.4371021882873,38.365841798134184,0
36,50.83703855378068,570.3992369539011,13.908769994416566,0
45,124.11627924699275,577.3090074519732,51.182396095417786,0
72,63.918431344278446,570.7637579470978,92.47026678255037,0
43,33.59428659613235,770.0655145300597,8.805616309815976,0
54,77.16664617398924,689.0335083421293,32.68878678191042,1
43,46.80384608891707,300.0,24.71638893954183,0
70,100.22843073807141,698.3851164794642,27.62393209824115,1
40,47.93342642900224,629.2104292078162,91.30128242854065,0
26,52.704479541001426,597.1936865331154,49.466560152257564,0
29,16.201484412598564,541.7222320366672,49.29844422928279,0
70,47.575467657087245,768.616907997902,77.25468603325182,0
18,22.35771190209103,742.1289693184287,19.67675938046795,0
18,13.327190903736549,484.06834982645864,51.290208639504826,0
64,86.67022052800012,661.0578430686803,45.848595341500676,1
51,83.1960647141323,454.2514898188071,61.70651560193233,0
49,82.33337838959449,393.0572752816604,99.95798180879166,0
71,40.23911340476425,505.9924163115052,78.09764493779447,0
65,66.93517824980879,729.3590208574138,42.79724178665558,0
42,64.67903535393008,742.968756806413,83.61753996603446,0
57,29.387890557040514,676.962813014594,21.217294514685616,0
62,117.42379837074739,708.7643680271996,7.894050199351212,1
70,93.5681090587277,677.4267430672437,24.42259538410594,1
18,64.95286639279081,503.77776071655717,37.33909783085467,0
33,66.38033173921481,664.7883817010911,53.50517195865819,0
56,77.15679795228198,720.0614287841523,63.437268351413984,0
22,26.516390186580317,713.1436994720361,91.50754313537007,0
39,65.51550752634601,778.3370057211964,53.43613090729348,0
46,47.47840346898364,706.2455770801596,52.62118623944429,0
72,41.237394554932166,652.7172311312374,9.773085933183303,0
20,60.36366534077029,760.5225357474641,8.316597502341262,1
29,123.96999672895932,596.021811112641,57.36019638205535,0
43,87.59723057726778,467.71880231584237,46.626968258592726,0
33,52.042954277089144,575.5399554084354,84.72213752312837,0
68,88.23795020605563,488.26460327903266,20.264560547625294,0
54,107.01386959967031,498.72325875384274,7.3723079011197115,0
39,92.65961635243318,578.3221993926724,47.65868295336196,0
74,64.84619832844916,481.1370118500058,27.56046289146446,0
46,42.59054114631423,553.8057705541439,9.713365467189558,0
31,84.8602859473053,315.95779995693215,73.83683725052475,0
45,82.60187409667313,631.9940561059408,15.60133499593851,0
22,92.39185902337255,600.1808213043337,62.79035250073831,0
64,91.62322637161456,477.4367053397714,31.69972626585447,0
66,101.66015020334287,698.8868502648608,21.48212478372709,1
47,44.100422585992696,740.6355206439838,41.07639467733516,0
63,112.79669989013823,358.86602034465386,81.1373487411806,0
69,79.98198136873053,485.59128321506785,42.248889805934404,0
22,127.2885128045837,484.62864753190524,76.32311667505029,0
29,51.42532317178792,459.01453483367027,16.921198195919317,0
33,117.79642290791149,724.4212262897622,78.41328486818252,0
43,76.42567538762111,570.9260791840795,27.508665866131622,0
43,44.134967856791725,560.3227738034084,69.35234733944291,0
65,46.51789271569747,300.0,58.749247709894654,0
38,58.47549480610555,695.3127045313839,93.2687481351103,0
56,82.10633366068332,414.1112407719791,41.79563920765483,0
53,83.69666617299197,608.9898945399492,11.285692939271843,0
50,46.86884709072983,641.6065406937288,6.819771127369026,0
47,67.26986692151482,804.0987893757977,83.55156329241154,0
54,135.61458452125956,403.67694013213315,54.849885577836055,0
40,121.60182995240865,300.0,78.64818492432018,0
27,84.00221524321702,627.5774317130542,27.270432001093894,0
71,67.78952834277484,850.0,37.782955823757206,0
22,79.45952937512864,785.8419529409156,7.859867860075299,1
53,82.5246724991386,631.4489122911939,96.34177083454065,0
51,41.75402452948143,526.2545721551929,68.44745113657727,0
69,68.18815934209945,721.0683894955965,93.6544833371341,0
48,22.40454046374448,453.9680700443297,30.22215870576187,0
27,80.96407254283423,671.4536654034329,63.08904306643778,0
36,86.77439295776733,675.820523874994,69.4574969878006,0
49,60.68484438625006,759.031486124832,35.167221524470904,0
18,110.10472827239262,850.0,85.57037732648486,0
73,28.376408808031545,658.862395076815,94.98033897552354,0
22,24.080964766246787,523.6554561438752,89.0612361811204,0
62,82.92182334435915,596.1638531712008,75.2113627142404,0
21,103.31178725856911,334.63861426663226,31.359144573870633,0
33,115.67760195118483,495.79303033664127,31.753524000035014,0
41,54.68193358700728,538.6076342830344,96.5192304423736,0
33,99.2888092824574,521.3867403098111,5.977027113890743,0
72,65.29580095381111,622.8532308050583,73.02474745800373,0
19,69.71562879455931,476.6370101426699,72.0933854427499,0
66,89.65108247828263,768.1546000986707,64.15550639023076,0
45,97.61359063107446,600.0310597377296,99.06034037825225,0
49,26.84938374139563,598.6049518292078,34.6285463975539,0
44,119.75051884479537,550.8157925230623,37.297327060358576,0
37,109.08804306429725,623.2786025788469,12.499243279922776,0
41,50.48341535931857,723.7647397001452,47.06582297165506,0
29,74.70834693049872,469.930467643365,29.799609992310568,0
67,82.19759355314815,501.2825266387115,37.6217367068762,0
52,80.28848721293296,554.4410956835003,84.28432007428462,0
50,59.97116069354438,398.11936147901775,93.87102878511209,0
50,44.3155148778462,477.11132104177534,22.644641840492636,0
68,67.40584818533031,528.5668689683012,40.38834849757926,0
60,104.42537447661833,731.1583771069091,93.21990340096244,0
54,79.32905862687053,639.3841993502888,10.87180376547615,0
29,61.83831624620882,629.0384867051316,13.77425017058096,0
20,89.5310096607373,727.6346943251958,20.46514397459179,1
18,19.02304824411488,579.3942317400905,61.5452192420531,0
50,102.20322415160372,658.5697274893334,19.29486574556976,1
57,16.053307471401627,584.5167370601256,96.96725623781968,0
27,59.09154683050326,639.8043524099443,47.437880089559435,0
60,35.33185526837557,512.5862013582627,52.644206233265805,0
61,29.300266316979503,300.0,28.432568501513618,0
46,101.18249551295386,579.8581256720544,49.74122398129968,0
30,57.566587314558035,813.412220414991,67.88179510051609,0
29,88.6632027943829,738.9323103362389,76.36182801063406,0
48,69.29181879782011,744.8096226886756,76.61746785744174,0
63,89.29181589124929,785.4196082709327,59.89965570593839,0
19,65.35354710604034,613.2986386442157,90.91417862441644,0
68,32.299040470811754,629.5973561108393,82.6537454940804,0
67,94.40116298855887,507.35221568484747,76.91957089636942,0
52,47.80267786750112,552.5890715959425,10.28252455964376,0
40,19.605686002912286,692.3656724656712,5.653406410866685,0
34,63.11604184309049,780.5826655753224,25.18249133356993,1
43,119.77287286237755,579.0830586478501,68.03474142177797,0
25,96.72167587367679,532.4716102722882,44.063761443841855,0
46,51.87693316831457,600.0791938284896,43.22859463343462,0
43,58.54086561350745,690.1810123393673,89.0357543818133,0
27,61.8594485079872,383.42177757996876,90.07847057252468,0
43,133.18012065471822,300.0,91.37165008509065,0
51,72.23909564954288,517.4194725762625,34.81841726892759,0
68,78.44966017563272,416.89313611287616,70.65030221022987,0
58,100.58811480021167,523.7789703529033,30.805152221065114,0
24,79.84512931838135,577.8329521773793,23.10793414207273,0
21,51.24809651987917,532.012738646548,22.540083448000075,0
70,63.29888465005136,817.8701301706118,37.50022398204143,0
67,68.56720606697284,649.011714690348,45.84597387908306,0
62,73.13139284728582,645.0711539416243,83.9401712502315,0
28,95.29317423029657,693.3310716065102,16.389653879907648,1
46,74.47123316826301,429.1750323328846,74.81795550251495,0
73,87.9794997829577,755.8667681130403,55.488216847984006,0
53,58.03849191112599,588.635357019681,32.354807554219285,0
42,70.39379192417572,700.5720925861818,51.81786053061834,0
38,25.0081591260428,439.22141504397666,33.49449662881715,0
74,104.4571028786966,366.93618509759034,61.62778574763907,0
53,83.9473997884287,722.6834487037543,46.2151726712482,0
27,102.08700740979823,656.4614289146275,20.618525262493478,1
54,21.898198241929826,464.6922668463734,16.07539208279119,0
26,129.87064740961793,469.55053780879587,56.936089796852364,0
41,65.16200968757668,768.8152176622154,90.72923816217983,0
52,111.59083213125714,421.5882160699008,37.67598022298013,0
66,34.09003215727469,846.4009429883945,74.6350101861492,0
52,96.45711110542635,464.9068898028197,67.57282871927785,0
65,36.78739233233002,695.7587888412575,93.4977168594007,0
53,57.914091724601235,550.7072286376523,82.99319664341839,0
35,120.38686556851589,690.4781146623515,58.82749959601898,1
66,67.20904898292285,518.3828996828711,67.41789733224019,0
56,72.83913551565357,575.5810640891559,90.34671432548332,0
49,89.02569596104169,606.1378763093581,42.9542845357588,0
41,85.96312685123287,449.6718816327791,36.04549705648885,0
40,79.55992609728713,711.1236518130189,6.027052945343652,1
49,76.72412288101927,523.0179650292622,83.5223520481891,0
54,134.60738775485626,565.7100126989972,81.09316653831966,0
29,67.81221226731768,450.84759380872316,14.923179219514381,0
66,75.59579475756313,300.0,59.801451207606526,0
72,104.26123001800086,571.3458356099746,49.0782613258543,0
30,107.91375084556195,850.0,16.27736407336559,1
40,105.31383326044894,717.6906431847036,98.15398157076874,0
42,98.43942323484684,597.1109430398408,25.396109309018765,0
52,36.83102634076195,560.5663756187598,11.387247108603308,0
58,117.27081343899837,603.369883921807,61.51050105268141,0
47,27.55180141392522,682.0678672762815,75.19233432763811,0
34,77.76576635559016,422.8780777036733,8.082127374482761,0
66,45.689789772363575,767.1482542003308,67.5781756790671,0
37,72.87737358361758,707.3071973161866,55.56772821538817,0
65,82.17529042943869,707.7278588561902,14.8101758431296,1
42,73.74387085534511,665.7713608214591,21.389768309904397,1
39,83.51889455911373,602.9424986540985,58.95755824502765,0
30,121.76899393040469,700.929185395023,33.1539732837624,1
36,91.24618584235856,688.7721200612067,94.13999422187503,0
66,67.11282077835084,546.8938933588464,82.78032180098482,0
53,102.72684832020812,513.9597340654649,98.43888461879799,0
29,105.98454464081503,615.278444289298,29.66872970028933,0
58,35.11332557300747,832.3530227242782,97.12374511580782,0
36,94.16952659902654,414.13393865191483,45.967217630198,0
29,84.37129528192871,379.87121013713397,38.01428555480669,0
26,59.32589826311546,624.7141261854775,9.783205062088559,0
24,107.40836065556739,607.6331552784027,10.012699496662249,0
45,67.39409798265481,626.0012496555612,70.74106931493219,0
31,79.9184044824002,636.592979686275,48.50325447123265,0
48,61.82297383787854,566.5196618047793,26.51955447343004,0
69,58.515849590096835,823.4795157903123,63.3271791008971,0
36,35.05064366802159,359.86440322852263,29.021521233760563,0
64,31.365842182258206,475.7254462829631,59.87501666272015,0
33,120.52330141149857,584.511785977643,39.124830963355585,0
70,46.73209078950305,353.5216783268749,83.23746152812281,0
22,38.85826300693839,573.6218393351893,82.96613527284404,0
52,13.604846318901068,849.2205248592027,50.348287821628126,0
29,53.407619177437276,603.1329732443943,38.32781538682648,0
42,26.135897147601924,634.6051358578026,39.44318067311398,0
69,130.18093847099334,410.97528522411295,81.5428799384807,0
38,103.14704872205161,507.54578879407836,36.17705086577314,0
53,46.45224813189853,543.7205429514095,24.86064050215037,0
70,134.51614792338614,552.3427354865648,13.045392478154149,0
40,98.98824357667988,792.2465692505652,49.335846484018795,1
33,59.05754888463258,683.6536591087687,50.80254939738498,0
74,25.584168877649773,433.2813064594452,84.88632748827618,0
56,139.66035802644248,636.9757167648007,26.017676162376077,0
62,24.654667302549477,674.7332622745178,41.19417099849799,0
70,30.09024101707216,771.02235577819,81.79854519490064,0
59,100.92365461789032,837.081102985256,83.24424302115249,0
56,147.03677057002264,447.73587122581966,41.53805221798298,0
31,108.48705201809175,478.3713733184493,48.61678221223468,0
48,88.7328517402934,411.36332116280755,33.812159630681876,0
22,89.39818020567455,564.8970211339528,93.59271344983465,0
52,86.15422030292848,669.9537561669501,16.27115774545013,1
40,102.84423324590617,748.1001774883653,93.70619518513965,0
46,84.88896502369401,588.6073464536216,69.9673129243576,0
60,71.14005653782634,552.0228715117734,55.49935450523947,0
28,62.61085746073505,622.763698837311,8.102610774527108,0
35,49.11887040301747,474.72856475549656,50.181638223090786,0
64,62.01323619106876,850.0,43.73606997525957,0
29,21.778344742816145,358.85084593229124,20.315787137636644,0
26,68.00769817712795,627.7110868343586,67.3589123325624,0
27,42.8734717320021,850.0,97.25933619998715,0
61,44.128848980485905,601.0199766839996,58.407937051129885,0
34,78.23734056024757,571.4941447497758,72.90156126217485,0
55,106.51179109578827,546.3831865784359,11.502792993771594,0
24,104.36231244363165,572.9412477356389,44.6783646026145,0
63,31.088054708746128,805.9272712014795,16.054056090627107,0
30,56.0714395754503,300.0,63.21560437596849,0
57,92.60566547344848,830.0150551944488,94.15580503034468,0
59,41.739788259602086,386.40642713247826,67.86888458480566,0
26,52.850511984144326,560.0021506148378,12.296289589870046,0
67,89.2673087526326,535.6133369552007,38.69328947358287,0
44,38.20866486325707,688.282990465608,57.3130210468809,0
19,82.77849415850356,360.2813472174379,43.30473683265896,0
22,26.10616030236096,669.3258999122914,84.19618099514138,0
46,43.513055491627284,850.0,82.39374544744898,0
54,77.23713932076352,395.5238993110784,63.12394690980604,0
55,12.332749137964237,628.4559251415593,40.478504787607,0
36,86.96973941134851,500.7026733305087,29.256955507508195,0
25,59.08545080091796,663.8830809289553,15.058060230247285,1
65,86.71698653843023,602.8721666123628,38.71527993122263,0
62,66.32836492265886,503.77696364335355,44.25138913473336,0
18,109.32272387653211,673.1808427306611,69.203177884887,0
39,81.97362585845988,850.0,67.52518330826948,0
69,58.92107322342139,571.3644312409052,11.660273265919411,0
34,69.35145706614384,707.9636913222273,42.54963496595999,0
24,86.14292342639622,406.00905631932545,22.268992385649383,0
42,71.55588646999337,456.5345434772987,19.89720700509654,0
62,73.5809024653335,670.8609416820566,83.59370422503837,0
21,42.10595754939321,822.6174042803948,8.981945588044464,0
53,53.07580884270821,653.3420023178489,44.82237321070153,0
23,14.399883687995318,553.0412954215268,20.979347297819228,0
48,119.33787953378912,599.8937108135032,88.53637048945504,0
36,30.242733726003724,412.43883990454236,57.91884876112834,0
61,52.37947819647898,690.677298953305,26.981160455800563,0
71,48.56093629630843,732.3499593485113,52.73059228080576,0
56,89.8199160390518,532.1864500750379,74.491204171796,0
44,56.22654402215409,529.4936778360748,96.02121084734621,0
27,108.42566222794905,639.8817344478073,25.9423704033148,0
43,49.39994456336116,534.4920395939107,89.18726835228779,0
36,75.47420431853533,590.0801078061266,93.75889084591158,0
56,42.53541945464738,850.0,92.05995173054629,0
20,137.83531381899812,562.9461448881005,65.36436390188143,0
62,31.783584564768542,546.2489771968167,64.83296217129723,0
30,78.85416508666546,502.8687291547261,43.30501015246316,0
67,99.86298936836567,711.6287957249905,76.47779881885985,0
45,75.29555973912534,572.8163740172846,55.472931743338535,0
37,55.18215657579546,502.5940442517861,69.35661676668798,0
45,70.02332733199025,798.1956048409518,45.70350086563557,0
25,67.92112885290277,812.9404506770456,74.4921640840982,0
58,63.99875231243224,509.93646513919424,83.32479417243216,0
56,95.01059161319172,320.01900729590756,18.91144437726753,0
18,135.01668934390298,751.1270534755383,84.12832297955165,0
20,61.2679370102467,497.3055261359994,56.32817052007919,0
30,32.91655290571826,718.5938398744153,85.2432613635713,0
45,71.66265610889725,304.4844273432247,45.97366210239639,0
74,140.31014485066632,733.8896007448964,41.00884611138833,1
66,40.133994278143724,418.32421060788283,91.93076958913613,0
42,104.97811086589489,709.6146178599787,28.861080417098123,1
73,116.28412031687944,602.1409601754651,85.2001709021836,0
50,58.17586868068845,456.90908709050325,50.98195438839339,0
55,89.65422495430012,538.9445530609829,53.83906704236967,0
70,117.74433237909552,702.9477685435052,34.30448674150098,1
23,58.514666351785124,615.8841679672852,59.43900905880649,0
61,60.448161484052115,687.6619470708727,35.895063646240075,0
62,53.573366993549605,850.0,8.73059435295697,1
49,43.386689476617065,365.3637582433423,30.839867507713823,0
62,42.44223971096742,842.5818862452936,5.606009123626114,1
64,34.780030436319045,615.6533906284819,97.94370477040138,0
38,75.68467840255012,465.18239275153076,96.74598493287601,0
33,44.8253016234239,400.4529561391515,42.53975325986898,0
71,80.51708041432535,571.631941383445,74.19523116226637,0
38,37.39640283625394,738.2475167886689,37.85157934899037,0
28,79.40469300149925,580.8676319433698,68.75384992316773,0
54,96.97240409829436,826.6732395371021,81.51585408936802,0
53,16.309714581693044,382.32364649226616,94.94184324576287,0
52,82.12795290843741,598.1866578230918,43.02016620571884,0
36,109.13142789911028,412.14098333803213,79.41330838082453,0
37,34.684981140614525,654.5447823937452,30.263202810051286,0
74,115.07869500658681,733.033108514595,99.08156886039659,0
35,83.60237913760861,536.885730947842,7.448111882613358,0
64,56.16062402083591,300.0,62.33523661760649,0
58,70.57010649284145,629.8422220194742,67.65306825687608,0
66,91.55974332101087,665.5107827600265,70.36432792204224,0
31,71.0951018923092,660.6442132442546,16.436819984963456,1
32,89.91218097050962,785.3673287733232,94.1603294299474,0
48,43.776131398701644,439.3419480526427,22.212411509757867,0
18,70.32627107264618,702.0324158175674,64.16157330778489,0
70,29.181170116844967,778.8761268716962,26.15422751669307,0
71,61.70473484233743,333.2118623990225,34.185559617020736,0
71,39.71836938163234,647.9477738878466,56.91356146417181,0
20,48.880743258768874,524.3730253488493,44.63337476363476,0
33,108.56901662321374,587.7715990347531,20.221432092768097,0
40,96.79314129244243,652.1514725307504,21.238958229980586,1
74,93.5440724831297,526.9157153829672,44.723754875465964,0
28,40.090648451324995,498.64378812575825,76.94188293617258,0
29,56.98410433110153,605.1228626232037,90.30664145053991,0
27,98.70500701712962,436.9131091705796,12.992127914641369,0
49,73.52698451378998,437.1262306672222,42.3448712181431,0
33,137.35016763014502,701.9059924434755,14.523328553673279,1
25,82.36523746709628,427.6808947262016,6.576285660096799,0
55,73.94589018892312,699.9468751363818,67.86327485117587,0
29,50.68922177019991,669.3886939280927,62.23269698682584,0
41,72.06449245196268,341.12899068141047,20.48681581241419,0
45,63.897809353242124,498.3653021496517,27.21221914384109,0
70,94.411565424528,779.1164104571059,7.252236596229246,1
25,95.21007113078227,452.82517032904775,84.31998454096835,0
45,54.81368955162435,530.3393606535918,97.59560662461239,0
53,20.504808640007873,669.3091339877844,17.868655995495626,0
43,26.555837489013122,717.5085763923893,26.990145307703322,0
25,84.11814495298579,562.2691670933257,87.49890477495873,0
67,41.19692617650158,510.37347079625374,93.01406080583756,0
45,20.399007420293664,813.3554792547761,44.86460136664698,0
45,87.35513581605626,850.0,9.809134865562042,1
54,142.85317570021968,746.8287076172693,8.742224200817843,1
58,64.32477052791414,612.7977213847536,59.52523727655599,0
53,102.25724466990457,478.76014175386103,42.325035344852004,0
44,71.88747752701624,475.4333390165152,7.721980619877179,0
71,68.14110277238677,678.3771157898636,60.40897726969289,0
34,103.74605405985703,662.7597331333026,6.073740975957135,1
26,56.131987463868285,810.2397889419644,79.80033602418094,0
50,80.99922391035338,697.5675138804208,34.1111181568203,1
70,76.70146040356595,374.5379547360273,8.82451028587705,0
37,49.29643961248668,757.7921426584378,60.893460993399565,0
30,100.12266531301712,450.29090590283806,42.7800193711402,0
45,57.25009799190307,542.4043092071472,97.51103926892921,0
65,43.433460001112486,637.5300309377542,56.69887293785171,0
46,92.85065976917781,850.0,31.147722198515787,1
30,47.47691648919287,850.0,72.3966921402276,0
63,70.53223683443767,691.0084588704274,30.791740241557576,1
52,70.94204739323835,572.5205071919419,90.90311268371869,0
23,101.10565444676504,680.1758472720826,40.59858719820076,1
35,91.0238639155385,733.1483138810754,57.237513463739496,0
68,68.24742834867487,551.8998561664213,9.804444863301741,0
22,95.69219943668286,850.0,45.481517605461924,1
64,117.43637719122972,634.5106138787103,84.07453626779453,0
42,82.84745176632633,674.6614633637091,81.53663650951748,0
19,78.10452451778589,699.8886378081692,26.310263091084995,1
27,22.99260598077833,663.2379915921683,26.477511746003454,0
73,46.194800763302815,725.8410750704418,82.6440046602575,0
47,58.9798809496001,507.41202201796153,93.38784991608593,0
67,50.5011401960951,516.2547369080954,14.059287520935337,0
62,54.940810054521904,434.97686505424576,47.7555707454914,0
22,69.42552416002475,665.9251845930339,37.05815650160175,0
72,80.6917499755675,716.8404755268172,87.71540326845674,0
73,64.8468049313599,668.6659299227829,12.934866894601782,1
50,83.90849448584166,850.0,25.056964543013553,1
71,76.72319051666813,599.160597175643,76.48449207071697,0
18,21.038016757003128,700.3112483388769,9.87291565321548,0
35,43.358321452442944,436.24486857910284,51.79086116785748,0
49,60.19977638412372,541.9350446288398,47.0001682945734,0
64,29.305387266753122,704.3306636348666,36.76811200393112,0
66,96.99148699164269,727.3653166114716,42.48436995529776,1
28,112.24651979649468,555.9049578503726,55.34435575837213,0
38,114.84389681120598,589.26011222129,20.329899046896397,0
43,62.381407877689426,372.3189379978786,59.33960843694131,0
42,114.73322378621607,546.4456198790086,81.5160712834987,0
39,79.81184951721299,733.557474527968,77.2152883300651,0
44,66.24688297615211,686.2807524159849,19.6204909459085,1
66,51.043857292376366,675.0998582071815,19.17869962544002,1
30,58.984694137748455,607.466053077144,30.476564935766767,0
50,58.07509320115207,601.0594737942265,39.302099002398535,0
51,76.80227431242523,500.95182907898294,43.80328023380584,0
58,79.27373786584472,704.8242630303803,69.5712355991678,0
52,70.11252989957319,663.1459416584084,10.384641055754363,1
18,86.20257658250627,673.8028271989199,8.293906901476307,1
38,113.91118690494494,521.094773599863,42.23150347967136,0
65,100.39317212456363,300.0,71.23055075310815,0
72,27.011325226526786,764.5729067630543,23.376357580865843,0
23,12.405445874549661,528.1743815987394,65.94292571934392,0
45,84.8759466530329,470.58363539353195,29.68367310432845,0
34,30.935517693688205,704.021836787099,89.17818033728405,0
22,62.782916786815136,541.1981040121306,90.09054470532857,0
48,32.322695843645505,758.9904576069932,33.242284406726014,0
22,21.217651020931722,692.5508924365047,26.84940662650785,0
55,85.94186320015909,702.5353984800716,44.07387734629197,0
20,98.4135560622489,395.10664331991984,27.850500592114127,0
70,53.13524231949331,781.7915978079601,68.87646511271186,0
40,16.265383574649164,639.1875796850784,83.47614503208712,0
54,58.56349774722196,544.6084291130695,68.94375243656562,0
70,80.66846478734537,621.5082701013376,83.3132924886882,0
54,28.265336355137677,333.564715065252,42.71425540971004,0
27,73.11374406241067,661.2979217221007,19.85011221734178,1
27,66.29157009732296,445.59427377268923,75.10534000277126,0
36,87.79958613896113,397.09945712346985,39.24507798844762,0
34,73.65155427014302,371.64612206731636,68.7707283967676,0
38,43.2070669503875,766.9032562484888,30.711174488267737,0
31,104.55391628338603,505.6104909460817,12.716815306633904,0
26,56.062313890338906,830.0591564874749,99.29527057133753,0
63,67.01699439676011,519.6297805421553,19.83914325340693,0
18,45.97105356352319,343.896306361058,98.8999944265307,0
68,55.21465206803916,432.52133400770117,97.84159359381249,0
62,42.22400156662023,785.3717430010408,80.41271987126376,0
30,69.743500731827,576.6152733094999,67.64518139778977,0
21,117.79138826797569,517.7569055264098,59.891669773853046,0
18,21.128949620844814,624.0027338779181,87.27964681089429,0
66,20.79000246607029,675.2674104251317,32.49675455385135,0
57,111.71424006856456,767.6098223853692,49.42971518606332,1
49,58.88905808667774,817.2748844839389,63.84204708981768,0
51,49.050925560709054,546.0347031316371,44.063095207601656,0
45,103.65466885811621,401.0928470876943,45.61121313857546,0
48,51.785091000055,537.9802258315086,36.377043412698015,0
25,126.31519676983928,639.0420759874329,58.60202258503092,0
56,99.40481463275519,455.4361610684084,85.80458016143602,0
43,53.648263447841096,456.42736276574357,24.14519591059972,0
51,136.11098957118844,651.5681822324829,93.77113868157693,0
71,49.28248549690417,592.7021472644324,70.46332710608182,0
71,88.03106256084435,604.919549311738,83.21095520460287,0
20,76.05423914510591,486.22569979498957,57.8381157998511,0
67,106.6584458243555,565.439892869135,79.05408663528603,0
29,118.64271488954121,461.3650283597543,6.539037747249385,0
18,82.70550340547679,733.529761668718,82.74614035405584,0
71,43.817246708235295,755.2874002085629,8.813191613109819,0
61,81.71603776009619,323.07182066428595,89.54177075447194,0
22,49.35292384188057,460.5733709711385,99.23646098767111,0
47,132.38061166934742,375.52061173648815,32.93640890679389,0
47,75.41381399225604,502.4964098389653,24.980262847150396,0
74,65.46083243037732,587.4843045314459,77.70951956651386,0
34,63.40844882327121,382.5532170452205,29.037502387424055,0
65,17.651561963130746,461.721028031203,87.22842640135933,0
64,38.372187984629704,449.4063941877752,14.770046254960288,0
40,111.4989181760513,631.0900994098416,16.965743656039034,0
32,42.464931472830145,610.4016505554375,98.01939773455848,0
54,23.55450882107303,491.739366999412,69.01469533565044,0
38,88.95547960691464,626.5231308209097,85.45428632075051,0
31,106.78941075840349,517.9979873119102,35.81129084839421,0
19,86.11755728595485,559.251733451092,69.26595620445742,0
28,94.95373257056984,850.0,61.45297359431673,0
68,42.44742874474281,801.0691577685521,62.299261411679964,0
56,27.89835658511439,405.06281446086035,69.84058365608355,0
55,111.90843317774956,724.4598626818762,59.65912144726436,0
51,62.78992442961353,721.7094831737388,45.760925083753264,0
55,48.20187619182662,427.7605066871073,31.21265596615195,0
67,105.56156492983274,722.8166465632291,78.01522643675419,0
51,81.05663047746454,830.6897877618829,26.49588085030269,1
35,82.39492977058576,431.6182790633379,70.77365908466935,0
47,132.25983155458184,462.37457684786045,27.16661815168603,0
32,54.68367198807454,752.6492200265254,64.40636614567312,0
44,88.53851998413683,640.7242966238472,75.97243537725775,0
68,71.9378511285663,682.7214412859284,25.777819446121224,1
51,80.84945048195624,651.0883824600745,10.694613581824287,1
69,125.13728997518572,658.6043881392217,17.442505584446536,1
74,82.82624283322134,401.0291807533375,62.56971189074742,0
55,87.77117539325157,757.0976559932172,85.69740859144487,0
50,93.15590615648225,775.438498864166,9.274698017365315,1
41,47.09163709214832,565.5913883897958,74.74436960895639,0
32,49.047581858738305,593.4784575279207,37.42527136525495,0
47,38.62792271112863,370.33387461664165,50.46019514235464,0
72,25.892563448992114,677.1382134026752,93.24165723532873,0
59,124.81919945336092,685.8086162571216,36.53729294990532,1
68,39.503259725993274,590.6713474501033,49.207008724251175,0
34,72.70648049514611,768.6530039805754,6.299829402264705,1
22,63.79412904511871,549.8884153530089,12.751878400459645,0
46,80.60510846222826,684.6908888840401,29.566201157804482,1
21,94.51489678030065,447.05034919618265,7.645962878002068,0
27,87.9597973651628,596.4671773688643,64.98065597458384,0
73,59.28554152148358,573.8468613145747,45.50784389615414,0
34,61.93206038738233,633.7961883061413,57.07379425916209,0
27,80.99981479656408,544.5709606749962,21.591482660151307,0
34,54.72409468163732,580.2791106492498,33.11354279647853,0
37,112.32306895806089,723.9070757162259,68.06332511100888,0
41,91.90468554525872,534.4853644142673,96.70375874488798,0
22,90.30982213670531,359.0134348891981,9.789593492209875,0
51,97.1528154402351,850.0,89.58651048125027,0
23,104.81306242926716,807.218111803573,59.803714124564806,0
